###
# Charged Particle in Vertical Electric Field 
#-------- Runtime parameters ----#
# Solver used : explicit rk2
# Time step : 0.000100
#--------------------------------#
#    t      	     x      	     y      	     z      	     u      	     v      	     w      
###
0.000000e+00	0.000000e+00	0.000000e+00	0.000000e+00	2.000000e+01	0.000000e+00	2.000000e+00
5.000000e-02	9.847100e-01	-1.235253e-01	9.950166e-02	1.918543e+01	-4.898845e+00	1.980100e+00
1.000000e-01	1.899058e+00	-4.832166e-01	1.980133e-01	1.720411e+01	-9.398646e+00	1.960397e+00
1.500000e-01	2.688062e+00	-1.052221e+00	2.955447e-01	1.420128e+01	-1.322987e+01	1.940891e+00
2.000000e-01	3.305558e+00	-1.791311e+00	3.921056e-01	1.038233e+01	-1.616953e+01	1.921579e+00
2.500000e-01	3.716870e+00	-2.651550e+00	4.877058e-01	5.998878e+00	-1.805404e+01	1.902459e+00
3.000000e-01	3.900722e+00	-3.577500e+00	5.823547e-01	1.332356e+00	-1.878811e+01	1.883529e+00
3.500000e-01	3.850280e+00	-4.510771e+00	6.760618e-01	-3.323910e+00	-1.834925e+01	1.864788e+00
4.000000e-01	3.573296e+00	-5.393676e+00	7.688365e-01	-7.683039e+00	-1.678775e+01	1.846233e+00
4.500000e-01	3.091332e+00	-6.172777e+00	8.606881e-01	-1.148215e+01	-1.422211e+01	1.827862e+00
5.000000e-01	2.438164e+00	-6.802092e+00	9.516258e-01	-1.449809e+01	-1.083040e+01	1.809675e+00
5.500000e-01	1.657451e+00	-7.245788e+00	1.041659e+00	-1.656043e+01	-6.838099e+00	1.791668e+00
6.000000e-01	7.998562e-01	-7.480184e+00	1.130796e+00	-1.756089e+01	-2.503244e+00	1.773841e+00
6.500000e-01	-8.022374e-02	-7.494972e+00	1.219046e+00	-1.745881e+01	1.900113e+00	1.756191e+00
7.000000e-01	-9.280816e-01	-7.293589e+00	1.306418e+00	-1.628233e+01	6.099126e+00	1.738716e+00
7.500000e-01	-1.692080e+00	-6.892731e+00	1.392920e+00	-1.412524e+01	9.838948e+00	1.721416e+00
8.000000e-01	-2.326776e+00	-6.321064e+00	1.478562e+00	-1.113997e+01	1.289809e+01	1.704288e+00
8.500000e-01	-2.795595e+00	-5.617217e+00	1.563352e+00	-7.526966e+00	1.510142e+01	1.687330e+00
9.000000e-01	-3.072919e+00	-4.827203e+00	1.647298e+00	-3.521429e+00	1.633004e+01	1.670540e+00
9.500000e-01	-3.145440e+00	-4.001436e+00	1.730409e+00	6.219089e-01	1.652749e+01	1.653918e+00
1.000000e+00	-3.012742e+00	-3.191538e+00	1.812692e+00	4.644859e+00	1.570202e+01	1.637462e+00
1.050000e+00	-2.687070e+00	-2.447129e+00	1.894158e+00	8.301768e+00	1.392478e+01	1.621168e+00
1.100000e+00	-2.192325e+00	-1.812810e+00	1.974812e+00	1.137442e+01	1.132419e+01	1.605038e+00
1.150000e+00	-1.562359e+00	-1.325509e+00	2.054664e+00	1.368493e+01	8.076896e+00	1.589067e+00
1.200000e+00	-8.386896e-01	-1.012361e+00	2.133721e+00	1.510593e+01	4.395920e+00	1.573256e+00
1.250000e+00	-6.779105e-02	-8.892237e-01	2.211992e+00	1.556744e+01	5.168000e-01	1.557602e+00
1.300000e+00	7.018715e-01	-9.599274e-01	2.289484e+00	1.505999e+01	-3.317372e+00	1.542103e+00
1.350000e+00	1.422869e+00	-1.216274e+00	2.366205e+00	1.363405e+01	-6.871088e+00	1.526759e+00
1.400000e+00	2.051710e+00	-1.638783e+00	2.442163e+00	1.139574e+01	-9.930796e+00	1.511567e+00
1.450000e+00	2.551450e+00	-2.198114e+00	2.517364e+00	8.499139e+00	-1.231763e+01	1.496527e+00
1.500000e+00	2.893833e+00	-2.857072e+00	2.591818e+00	5.135875e+00	-1.389775e+01	1.481636e+00
1.550000e+00	3.060864e+00	-3.573055e+00	2.665530e+00	1.522553e+00	-1.458971e+01	1.466894e+00
1.600000e+00	3.045718e+00	-4.300790e+00	2.738510e+00	-2.113094e+00	-1.436843e+01	1.452298e+00
1.650000e+00	2.852935e+00	-4.995176e+00	2.810763e+00	-5.546467e+00	-1.326564e+01	1.437847e+00
1.700000e+00	2.497920e+00	-5.614060e+00	2.882297e+00	-8.569884e+00	-1.136679e+01	1.423541e+00
1.750000e+00	2.005773e+00	-6.120780e+00	2.953119e+00	-1.100505e+01	-8.804711e+00	1.409376e+00
1.800000e+00	1.409554e+00	-6.486314e+00	3.023237e+00	-1.271348e+01	-5.750506e+00	1.395353e+00
1.850000e+00	7.480826e-01	-6.690921e+00	3.092657e+00	-1.360422e+01	-2.402229e+00	1.381469e+00
1.900000e+00	6.343511e-02	-6.725173e+00	3.161386e+00	-1.363855e+01	1.027859e+00	1.367723e+00
1.950000e+00	-6.017175e-01	-6.590330e+00	3.229431e+00	-1.283131e+01	4.326653e+00	1.354114e+00
2.000000e+00	-1.206751e+00	-6.298056e+00	3.296800e+00	-1.124893e+01	7.293365e+00	1.340640e+00
2.050000e+00	-1.715552e+00	-5.869487e+00	3.363497e+00	-9.004325e+00	9.751656e+00	1.327301e+00
2.100000e+00	-2.098655e+00	-5.333746e+00	3.429532e+00	-6.249001e+00	1.156003e+01	1.314094e+00
2.150000e+00	-2.334930e+00	-4.725987e+00	3.494909e+00	-3.162950e+00	1.261985e+01	1.301018e+00
2.200000e+00	-2.412716e+00	-4.085107e+00	3.559636e+00	5.700621e-02	1.288060e+01	1.288073e+00
2.250000e+00	-2.330355e+00	-3.451277e+00	3.623718e+00	3.209688e+00	1.234203e+01	1.275256e+00
2.300000e+00	-2.096097e+00	-2.863434e+00	3.687164e+00	6.102048e+00	1.105317e+01	1.262567e+00
2.350000e+00	-1.727393e+00	-2.356914e+00	3.749977e+00	8.560910e+00	9.108345e+00	1.250005e+00
2.400000e+00	-1.249636e+00	-1.961334e+00	3.812166e+00	1.044326e+01	6.640448e+00	1.237567e+00
2.450000e+00	-6.944442e-01	-1.698889e+00	3.873736e+00	1.164445e+01	3.811999e+00	1.225253e+00
2.500000e+00	-9.758017e-02	-1.583122e+00	3.934693e+00	1.210390e+01	8.045253e-01	1.213061e+00
2.550000e+00	5.033306e-01	-1.618268e+00	3.995044e+00	1.180799e+01	-2.192999e+00	1.200991e+00
2.600000e+00	1.071159e+00	-1.799171e+00	4.054795e+00	1.078992e+01	-4.995959e+00	1.189041e+00
2.650000e+00	1.571549e+00	-2.111791e+00	4.113950e+00	9.126738e+00	-7.435387e+00	1.177210e+00
2.700000e+00	1.974986e+00	-2.534245e+00	4.172517e+00	6.933780e+00	-9.368079e+00	1.165497e+00
2.750000e+00	2.258514e+00	-3.038312e+00	4.230502e+00	4.356739e+00	-1.068491e+01	1.153900e+00
2.800000e+00	2.407027e+00	-3.591297e+00	4.287909e+00	1.562111e+00	-1.131688e+01	1.142418e+00
2.850000e+00	2.414043e+00	-4.158137e+00	4.344746e+00	-1.273493e+00	-1.123859e+01	1.131051e+00
2.900000e+00	2.281929e+00	-4.703609e+00	4.401016e+00	-3.974430e+00	-1.046892e+01	1.119797e+00
2.950000e+00	2.021587e+00	-5.194504e+00	4.456727e+00	-6.376840e+00	-9.069036e+00	1.108655e+00
3.000000e+00	1.651608e+00	-5.601638e+00	4.511884e+00	-8.338511e+00	-7.137711e+00	1.097623e+00
3.050000e+00	1.196972e+00	-5.901566e+00	4.566491e+00	-9.747224e+00	-4.804549e+00	1.086702e+00
3.100000e+00	6.873889e-01	-6.077919e+00	4.620556e+00	-1.052707e+01	-2.221361e+00	1.075889e+00
3.150000e+00	1.553635e-01	-6.122271e+00	4.674082e+00	-1.064243e+01	4.476365e-01	1.065184e+00
3.200000e+00	-3.658569e-01	-6.034501e+00	4.727076e+00	-1.009933e+01	3.036185e+00	1.054585e+00
3.250000e+00	-8.443503e-01	-5.822636e+00	4.779542e+00	-8.944312e+00	5.386279e+00	1.044092e+00
3.300000e+00	-1.251461e+00	-5.502198e+00	4.831487e+00	-7.260697e+00	7.357744e+00	1.033703e+00
3.350000e+00	-1.563502e+00	-5.095092e+00	4.882914e+00	-5.162758e+00	8.836526e+00	1.023417e+00
3.400000e+00	-1.763116e+00	-4.628134e+00	4.933830e+00	-2.788048e+00	9.741206e+00	1.013234e+00
3.450000e+00	-1.840223e+00	-4.131301e+00	4.984239e+00	-2.884627e-01	1.002737e+01	1.003152e+00
3.500000e+00	-1.792493e+00	-3.635817e+00	5.034147e+00	2.179413e+00	9.689631e+00	9.931706e-01
3.550000e+00	-1.625343e+00	-3.172204e+00	5.083558e+00	4.464049e+00	8.761157e+00	9.832884e-01
3.600000e+00	-1.351442e+00	-2.768415e+00	5.132477e+00	6.428213e+00	7.310895e+00	9.735045e-01
3.650000e+00	-9.897920e-01	-2.448162e+00	5.180910e+00	7.957149e+00	5.438593e+00	9.638180e-01
3.700000e+00	-5.644277e-01	-2.229536e+00	5.228861e+00	8.965208e+00	3.268045e+00	9.542278e-01
3.750000e+00	-1.028368e-01	-2.124003e+00	5.276334e+00	9.400552e+00	9.389848e-01	9.447331e-01
3.800000e+00	3.658034e-01	-2.135832e+00	5.323336e+00	9.247679e+00	-1.401851e+00	9.353329e-01
3.850000e+00	8.124593e-01	-2.261969e+00	5.369869e+00	8.527663e+00	-3.609903e+00	9.260261e-01
3.900000e+00	1.210027e+00	-2.492373e+00	5.415940e+00	7.296127e+00	-5.551662e+00	9.168120e-01
3.950000e+00	1.534967e+00	-2.810775e+00	5.461552e+00	5.639131e+00	-7.112682e+00	9.076896e-01
4.000000e+00	1.768683e+00	-3.195800e+00	5.506710e+00	3.667262e+00	-8.204255e+00	8.986579e-01
4.050000e+00	1.898571e+00	-3.622391e+00	5.551419e+00	1.508331e+00	-8.768376e+00	8.897161e-01
4.100000e+00	1.918678e+00	-4.063422e+00	5.595683e+00	-7.008463e-01	-8.780708e+00	8.808633e-01
4.150000e+00	1.829940e+00	-4.491416e+00	5.639507e+00	-2.823068e+00	-8.251417e+00	8.720986e-01
4.200000e+00	1.639982e+00	-4.880243e+00	5.682895e+00	-4.729210e+00	-7.223861e+00	8.634210e-01
4.250000e+00	1.362520e+00	-5.206704e+00	5.725851e+00	-6.306025e+00	-5.771261e+00	8.548299e-01
4.300000e+00	1.016395e+00	-5.451907e+00	5.768379e+00	-7.462816e+00	-3.991595e+00	8.463242e-01
4.350000e+00	6.243066e-01	-5.602343e+00	5.810485e+00	-8.136578e+00	-2.001064e+00	8.379031e-01
4.400000e+00	2.113390e-01	-5.650613e+00	5.852171e+00	-8.295333e+00	7.342744e-02	8.295658e-01
4.450000e+00	-1.966323e-01	-5.595764e+00	5.893442e+00	-7.939492e+00	2.102314e+00	8.213115e-01
4.500000e+00	-5.745528e-01	-5.443219e+00	5.934303e+00	-7.101183e+00	3.961408e+00	8.131393e-01
4.550000e+00	-8.997164e-01	-5.204318e+00	5.974758e+00	-5.841647e+00	5.539445e+00	8.050484e-01
4.600000e+00	-1.153120e+00	-4.895501e+00	6.014810e+00	-4.246882e+00	6.744699e+00	7.970381e-01
4.650000e+00	-1.320560e+00	-4.537193e+00	6.054463e+00	-2.421852e+00	7.510239e+00	7.891074e-01
4.700000e+00	-1.393416e+00	-4.152464e+00	6.093722e+00	-4.836386e-01	7.797572e+00	7.812557e-01
4.750000e+00	-1.369068e+00	-3.765560e+00	6.132590e+00	1.446014e+00	7.598453e+00	7.734820e-01
4.800000e+00	-1.250943e+00	-3.400377e+00	6.171071e+00	3.248302e+00	6.934790e+00	7.657858e-01
4.850000e+00	-1.048180e+00	-3.079002e+00	6.209170e+00	4.814627e+00	5.856701e+00	7.581661e-01
4.900000e+00	-7.749570e-01	-2.820381e+00	6.246889e+00	6.053089e+00	4.438861e+00	7.506222e-01
4.950000e+00	-4.495145e-01	-2.639216e+00	6.284233e+00	6.893821e+00	2.775416e+00	7.431534e-01
5.000000e+00	-9.295213e-02	-2.545146e+00	6.321206e+00	7.292863e+00	9.737898e-01	7.357589e-01
5.050000e+00	2.721300e-01	-2.542243e+00	6.357810e+00	7.234358e+00	-8.522014e-01	7.284380e-01
5.100000e+00	6.230538e-01	-2.628883e+00	6.394051e+00	6.730974e+00	-2.589493e+00	7.211899e-01
5.150000e+00	9.384633e-01	-2.797950e+00	6.429930e+00	5.822556e+00	-4.132727e+00	7.140139e-01
5.200000e+00	1.199615e+00	-3.037389e+00	6.465453e+00	4.573133e+00	-5.390597e+00	7.069094e-01
5.250000e+00	1.391482e+00	-3.331042e+00	6.500623e+00	3.066492e+00	-6.291200e+00	6.998755e-01
5.300000e+00	1.503606e+00	-3.659732e+00	6.535442e+00	1.400618e+00	-6.786083e+00	6.929116e-01
5.350000e+00	1.530653e+00	-4.002499e+00	6.569915e+00	-3.186256e-01	-6.852767e+00	6.860170e-01
5.400000e+00	1.472641e+00	-4.337930e+00	6.604045e+00	-1.984181e+00	-6.495620e+00	6.791911e-01
5.450000e+00	1.334830e+00	-4.645491e+00	6.637835e+00	-3.494420e+00	-5.745054e+00	6.724330e-01
5.500000e+00	1.127298e+00	-4.906769e+00	6.671289e+00	-4.759304e+00	-4.655136e+00	6.657422e-01
5.550000e+00	8.642198e-01	-5.106572e+00	6.704410e+00	-5.705704e+00	-3.299785e+00	6.591179e-01
5.600000e+00	5.629163e-01	-5.233799e+00	6.737202e+00	-6.281577e+00	-1.767822e+00	6.525596e-01
5.650000e+00	2.427212e-01	-5.282042e+00	6.769667e+00	-6.458752e+00	-1.571976e-01	6.460665e-01
5.700000e+00	-7.624962e-02	-5.249890e+00	6.801810e+00	-6.234202e+00	1.431226e+00	6.396380e-01
5.750000e+00	-3.743540e-01	-5.140919e+00	6.833632e+00	-5.629725e+00	2.899954e+00	6.332735e-01
5.800000e+00	-6.336255e-01	-4.963368e+00	6.865138e+00	-4.690114e+00	4.160801e+00	6.269724e-01
5.850000e+00	-8.388474e-01	-4.729541e+00	6.896331e+00	-3.479937e+00	5.140145e+00	6.207339e-01
5.900000e+00	-9.784369e-01	-4.454971e+00	6.927213e+00	-2.079166e+00	5.783179e+00	6.145575e-01
5.950000e+00	-1.045087e+00	-4.157391e+00	6.957787e+00	-5.779400e-01	6.056915e+00	6.084425e-01
6.000000e+00	-1.036133e+00	-3.855607e+00	6.988058e+00	9.291929e-01	5.951788e+00	6.023884e-01
6.050000e+00	-9.536243e-01	-3.568306e+00	7.018027e+00	2.349193e+00	5.481783e+00	5.963946e-01
6.100000e+00	-8.041037e-01	-3.312917e+00	7.047698e+00	3.596234e+00	4.683102e+00	5.904603e-01
6.150000e+00	-5.981172e-01	-3.104554e+00	7.077074e+00	4.596855e+00	3.611497e+00	5.845852e-01
6.200000e+00	-3.494832e-01	-2.955131e+00	7.106158e+00	5.294240e+00	2.338442e+00	5.787684e-01
6.250000e+00	-7.437583e-02	-2.872696e+00	7.134952e+00	5.651397e+00	9.464182e-01	5.730096e-01
6.300000e+00	2.097189e-01	-2.861003e+00	7.163460e+00	5.653043e+00	-4.763938e-01	5.673081e-01
6.350000e+00	4.851069e-01	-2.919373e+00	7.191684e+00	5.306114e+00	-1.841660e+00	5.616632e-01
6.400000e+00	7.349815e-01	-3.042820e+00	7.219627e+00	4.638904e+00	-3.066344e+00	5.560746e-01
6.450000e+00	9.444418e-01	-3.222444e+00	7.247292e+00	3.698892e+00	-4.077720e+00	5.505416e-01
6.500000e+00	1.101373e+00	-3.446058e+00	7.274682e+00	2.549436e+00	-4.817656e+00	5.450636e-01
6.550000e+00	1.197141e+00	-3.699004e+00	7.301799e+00	1.265554e+00	-5.245905e+00	5.396401e-01
6.600000e+00	1.227051e+00	-3.965105e+00	7.328647e+00	-7.093376e-02	-5.342235e+00	5.342706e-01
6.650000e+00	1.190564e+00	-4.227694e+00	7.355227e+00	-1.376584e+00	-5.107280e+00	5.289545e-01
6.700000e+00	1.091243e+00	-4.470652e+00	7.381543e+00	-2.571506e+00	-4.562085e+00	5.236913e-01
6.750000e+00	9.364570e-01	-4.679386e+00	7.407597e+00	-3.584220e+00	-3.746408e+00	5.184805e-01
6.800000e+00	7.368473e-01	-4.841705e+00	7.433392e+00	-4.355894e+00	-2.715895e+00	5.133216e-01
6.850000e+00	5.056086e-01	-4.948520e+00	7.458930e+00	-4.843723e+00	-1.538339e+00	5.082139e-01
6.900000e+00	2.576243e-01	-4.994345e+00	7.484214e+00	-5.023250e+00	-2.892523e-01	5.031571e-01
6.950000e+00	8.515542e-03	-4.977562e+00	7.509247e+00	-4.889511e+00	9.529346e-01	4.981506e-01
7.000000e+00	-2.263364e-01	-4.900444e+00	7.534030e+00	-4.456955e+00	2.111771e+00	4.931939e-01
7.050000e+00	-4.327340e-01	-4.768943e+00	7.558567e+00	-3.758168e+00	3.117458e+00	4.882866e-01
7.100000e+00	-5.985150e-01	-4.592242e+00	7.582860e+00	-2.841507e+00	3.911024e+00	4.834280e-01
7.150000e+00	-7.142625e-01	-4.382131e+00	7.606911e+00	-1.767802e+00	4.447739e+00	4.786178e-01
7.200000e+00	-7.738307e-01	-4.152226e+00	7.630722e+00	-6.063630e-01	4.699599e+00	4.738555e-01
7.250000e+00	-7.746594e-01	-3.917094e+00	7.654297e+00	5.694635e-01	4.656716e+00	4.691406e-01
7.300000e+00	-7.178604e-01	-3.691335e+00	7.677637e+00	1.686897e+00	4.327569e+00	4.644725e-01
7.350000e+00	-6.080770e-01	-3.488684e+00	7.700745e+00	2.678196e+00	3.738122e+00	4.598510e-01
7.400000e+00	-4.531271e-01	-3.321177e+00	7.723623e+00	3.484742e+00	2.929871e+00	4.552754e-01
7.450000e+00	-2.634584e-01	-3.198446e+00	7.746273e+00	4.060463e+00	1.956981e+00	4.507453e-01
7.500000e+00	-5.145266e-02	-3.127171e+00	7.768698e+00	4.374434e+00	8.826976e-01	4.462603e-01
7.550000e+00	1.693766e-01	-3.110729e+00	7.790900e+00	4.412480e+00	-2.247370e-01	4.418200e-01
7.600000e+00	3.852392e-01	-3.149047e+00	7.812881e+00	4.177719e+00	-1.296387e+00	4.374238e-01
7.650000e+00	5.829245e-01	-3.238678e+00	7.834643e+00	3.690027e+00	-2.266887e+00	4.330713e-01
7.700000e+00	7.506039e-01	-3.373079e+00	7.856189e+00	2.984482e+00	-3.078404e+00	4.287622e-01
7.750000e+00	8.785333e-01	-3.543079e+00	7.877520e+00	2.108898e+00	-3.684051e+00	4.244959e-01
7.800000e+00	9.596123e-01	-3.737490e+00	7.898639e+00	1.120626e+00	-4.050564e+00	4.202721e-01
7.850000e+00	9.897695e-01	-3.943843e+00	7.919548e+00	8.283050e-02	-4.160079e+00	4.160904e-01
7.900000e+00	9.681540e-01	-4.149178e+00	7.940249e+00	-9.395222e-01	-4.010934e+00	4.119502e-01
7.950000e+00	8.971236e-01	-4.340856e+00	7.960744e+00	-1.883704e+00	-3.617447e+00	4.078512e-01
8.000000e+00	7.820361e-01	-4.507328e+00	7.981035e+00	-2.693049e+00	-3.008715e+00	4.037930e-01
8.050000e+00	6.308599e-01	-4.638831e+00	8.001124e+00	-3.320327e+00	-2.226533e+00	3.997752e-01
8.100000e+00	4.536303e-01	-4.727948e+00	8.021013e+00	-3.730468e+00	-1.322562e+00	3.957974e-01
8.150000e+00	2.617903e-01	-4.770025e+00	8.040704e+00	-3.902483e+00	-3.549467e-01	3.918591e-01
8.200000e+00	6.745740e-02	-4.763398e+00	8.060200e+00	-3.830482e+00	6.153926e-01	3.879601e-01
8.250000e+00	-1.173375e-01	-4.709441e+00	8.079501e+00	-3.523737e+00	1.528576e+00	3.840998e-01
8.300000e+00	-2.813896e-01	-4.612417e+00	8.098610e+00	-3.005808e+00	2.329431e+00	3.802780e-01
8.350000e+00	-4.149948e-01	-4.479162e+00	8.117529e+00	-2.312810e+00	2.970807e+00	3.764941e-01
8.400000e+00	-5.105187e-01	-4.318608e+00	8.136260e+00	-1.490937e+00	3.416315e+00	3.727480e-01
8.450000e+00	-5.628257e-01	-4.141196e+00	8.154805e+00	-5.934136e-01	3.642368e+00	3.690390e-01
8.500000e+00	-5.695465e-01	-3.958197e+00	8.173165e+00	3.229249e-01	3.639372e+00	3.653670e-01
8.550000e+00	-5.311694e-01	-3.781005e+00	8.191342e+00	1.201209e+00	3.412048e+00	3.617316e-01
8.600000e+00	-4.509536e-01	-3.620430e+00	8.209339e+00	1.988040e+00	2.978854e+00	3.581323e-01
8.650000e+00	-3.346733e-01	-3.486043e+00	8.227156e+00	2.636717e+00	2.370575e+00	3.545688e-01
8.700000e+00	-1.902119e-01	-3.385612e+00	8.244796e+00	3.109982e+00	1.628182e+00	3.510408e-01
8.750000e+00	-2.703425e-02	-3.324656e+00	8.262261e+00	3.382128e+00	8.001024e-01	3.475479e-01
8.800000e+00	1.444282e-01	-3.306151e+00	8.279551e+00	3.440358e+00	-6.091051e-02	3.440897e-01
8.850000e+00	3.134397e-01	-3.330399e+00	8.296670e+00	3.285318e+00	-9.011188e-01	3.406660e-01
8.900000e+00	4.696284e-01	-3.395057e+00	8.313619e+00	2.930790e+00	-1.669131e+00	3.372763e-01
8.950000e+00	6.036184e-01	-3.495339e+00	8.330398e+00	2.402583e+00	-2.319024e+00	3.339203e-01
9.000000e+00	7.075879e-01	-3.624356e+00	8.347011e+00	1.736703e+00	-2.813068e+00	3.305978e-01
9.050000e+00	7.757210e-01	-3.773585e+00	8.363459e+00	9.769304e-01	-3.123888e+00	3.273083e-01
9.100000e+00	8.045267e-01	-3.933425e+00	8.379742e+00	1.719694e-01	-3.235949e+00	3.240515e-01
9.150000e+00	7.930077e-01	-4.093811e+00	8.395864e+00	-6.276552e-01	-3.146276e+00	3.208271e-01
9.200000e+00	7.426725e-01	-4.244843e+00	8.411826e+00	-1.372748e+00	-2.864394e+00	3.176349e-01
9.250000e+00	6.573933e-01	-4.377394e+00	8.427628e+00	-2.018449e+00	-2.411488e+00	3.144743e-01
9.300000e+00	5.431200e-01	-4.483658e+00	8.443274e+00	-2.526916e+00	-1.818868e+00	3.113453e-01
9.350000e+00	4.074722e-01	-4.557604e+00	8.458763e+00	-2.869517e+00	-1.125840e+00	3.082473e-01
9.400000e+00	2.592367e-01	-4.595313e+00	8.474099e+00	-3.028411e+00	-3.771207e-01	3.051802e-01
9.450000e+00	1.078021e-01	-4.595176e+00	8.489282e+00	-2.997442e+00	3.800247e-01	3.021436e-01
9.500000e+00	-3.743131e-02	-4.557953e+00	8.504314e+00	-2.782277e+00	1.098747e+00	2.991372e-01
9.550000e+00	-1.676319e-01	-4.486671e+00	8.519196e+00	-2.399829e+00	1.735494e+00	2.961608e-01
9.600000e+00	-2.750699e-01	-4.386401e+00	8.533930e+00	-1.876992e+00	2.252630e+00	2.932139e-01
9.650000e+00	-3.535717e-01	-4.263899e+00	8.548518e+00	-1.248781e+00	2.620638e+00	2.902964e-01
9.700000e+00	-3.988703e-01	-4.127158e+00	8.562961e+00	-5.560153e-01	2.819783e+00	2.874079e-01
9.750000e+00	-4.088303e-01	-3.984890e+00	8.577259e+00	1.573143e-01	2.841129e+00	2.845481e-01
9.800000e+00	-3.835373e-01	-3.845978e+00	8.591416e+00	8.468198e-01	2.686882e+00	2.817168e-01
9.850000e+00	-3.252488e-01	-3.718918e+00	8.605431e+00	1.470461e+00	2.370027e+00	2.789137e-01
9.900000e+00	-2.382120e-01	-3.611310e+00	8.619308e+00	1.991091e+00	1.913322e+00	2.761385e-01
9.950000e+00	-1.283624e-01	-3.529404e+00	8.633046e+00	2.378651e+00	1.347693e+00	2.733909e-01
